Epoch,Loss,Micro_f1,Macro_f1,NMI,ARI,Purity,Silhouette
0,13.038950363794962,0.4821318545902649,0.4737122577142977,0.2150,0.2196,0.5933,0.0034
1,4.769361702601115,0.5101663585951941,0.5018477629166544,0.2428,0.2498,0.6157,0.0014
2,3.7759482701619467,0.5224892174984597,0.5147269584975818,0.2477,0.2593,0.6262,-0.0008
3,3.4773322979609174,0.5295748613678374,0.5217963763692296,0.2485,0.2513,0.6185,-0.0027
4,3.26185028553009,0.5295748613678374,0.5222317040883165,0.2499,0.2456,0.6161,-0.0045
5,3.121250947316488,0.5311152187307455,0.5232408347241071,0.2466,0.2453,0.6079,-0.0047
6,3.044998534520467,0.5378927911275416,0.5303186259710374,0.2488,0.2434,0.6087,-0.0058
7,2.993250759442647,0.544362292051756,0.5376463828961244,0.2412,0.2418,0.5893,-0.0063
8,2.9355828444163006,0.5536044362292052,0.5471907627565331,0.2309,0.2120,0.5822,-0.0040
9,2.928560177485148,0.5560690080098583,0.5490653367984046,0.2474,0.2260,0.5815,0.0017
10,2.898702891667684,0.5573012939001848,0.5502664272825413,0.2436,0.2264,0.5781,-0.0049
11,2.930619994799296,0.5677757239679606,0.5593489759009369,0.2376,0.2100,0.5551,0.0141
12,2.8244182109832763,0.5831792975970426,0.5741111689503072,0.2345,0.2057,0.5478,0.0089
13,2.7582165320714314,0.5782501540357363,0.5679428171326911,0.2449,0.2087,0.5651,0.0062
14,2.7073397397994996,0.5745532963647566,0.5655360644412688,0.2574,0.2366,0.5754,0.0091
15,2.656424125035604,0.5767097966728281,0.5669855605602265,0.2073,0.1606,0.5000,0.0242
16,2.612200220425924,0.5871842267406038,0.577871822014026,0.1823,0.1315,0.4501,0.0601
17,2.562862491607666,0.5859519408502772,0.5761885898096197,0.2371,0.1780,0.5308,0.0350
18,2.5078564087549844,0.5933456561922366,0.5843455747505324,0.2296,0.1851,0.5215,0.0470
19,2.462255295117696,0.5914972273567468,0.5815736098646154,0.1873,0.1319,0.4639,0.0613
20,2.41412836710612,0.5905730129390019,0.5811356998624497,0.2039,0.1542,0.4941,0.0451
21,2.37236758073171,0.5973505853357979,0.5847535186084691,0.1915,0.1336,0.4648,0.0480
22,2.3267352263132732,0.6019716574245225,0.589150063461751,0.1563,0.1107,0.4256,0.0691
23,2.277711804707845,0.5979667282809612,0.5864677718519353,0.1779,0.1213,0.4398,0.1040
24,2.235584382216136,0.6013555144793592,0.5904010633766151,0.1980,0.1369,0.4646,0.0967
25,2.195096186796824,0.5893407270486752,0.5798376302000967,0.2003,0.1378,0.4671,0.0837
26,2.1583951155344647,0.5865680837954406,0.5757509329261965,0.1745,0.1186,0.4480,0.1130
27,2.120629100004832,0.5850277264325323,0.5760398861969849,0.2079,0.1382,0.4697,0.1057
28,2.0767629941304526,0.5970425138632163,0.586998631049702,0.1754,0.1151,0.4298,0.1271
29,2.049804751078288,0.5942698706099815,0.582116930121649,0.2080,0.1394,0.4719,0.1187
30,2.0456948002179463,0.5841035120147874,0.574326193918747,0.1556,0.1033,0.4214,0.1141
31,2.001462924480438,0.5779420825631546,0.5663341335001808,0.1610,0.1072,0.4344,0.1364
32,1.9712605675061543,0.5609981515711645,0.5494887501065084,0.1514,0.1036,0.4309,0.1131
33,1.9414616465568542,0.5616142945163278,0.550406090088355,0.1434,0.0952,0.4186,0.1440
34,1.9189744194348652,0.5576093653727665,0.5438953410112393,0.1902,0.1264,0.4541,0.1266
35,1.8982110142707824,0.5659272951324708,0.5559213870384888,0.1858,0.1217,0.4476,0.1029
36,1.8811486522356669,0.5536044362292052,0.5426066137832382,0.1599,0.1031,0.4210,0.1399
37,1.8558751781781515,0.5628465804066544,0.5526536783221622,0.2168,0.1634,0.5014,0.0872
38,1.8378657738367716,0.5640788662969809,0.555411516846407,0.1639,0.1116,0.4315,0.1251
39,1.817080557346344,0.5730129390018485,0.564379092235427,0.1993,0.1377,0.4749,0.0976
40,1.8090693632761636,0.5560690080098583,0.5471547140984798,0.1598,0.1040,0.4257,0.1148
41,1.7978204607963562,0.5637707948243993,0.5566402950916676,0.1900,0.1408,0.4785,0.0958
42,1.7830342769622802,0.5532963647566236,0.547530019807831,0.1448,0.0949,0.4171,0.1370
43,1.7663750727971395,0.5382008626001232,0.527253173279572,0.1676,0.1248,0.4496,0.0874
44,1.7621669054031373,0.5462107208872459,0.5375128669780406,0.1687,0.1292,0.4500,0.0979
45,1.7683322588602701,0.5237215033887862,0.5178973015131213,0.1811,0.1438,0.4687,0.0921
46,1.7511664708455403,0.5391250770178682,0.534038846846934,0.1425,0.1102,0.4313,0.0885
47,1.7486775795618692,0.5489833641404805,0.5429359501533363,0.1745,0.1437,0.4721,0.0620
48,1.7516551534334819,0.532347504621072,0.5269656240676611,0.1621,0.1328,0.4570,0.0666
49,1.742412761847178,0.5212569316081331,0.5174906417337365,0.1588,0.1360,0.4627,0.0566
50,1.7351831396420796,0.5095502156500308,0.5047215118489926,0.1422,0.1247,0.4576,0.0560
51,1.7229582866032918,0.5132470733210105,0.5091266867449363,0.1435,0.1250,0.4542,0.0507
52,1.7132001956303915,0.5132470733210105,0.508455042445678,0.1288,0.1076,0.4311,0.0621
53,1.7034310579299927,0.5283425754775107,0.5231463163766652,0.1230,0.1048,0.4298,0.0461
54,1.7055224378903706,0.5292667898952557,0.5235298666070505,0.1068,0.0837,0.4118,0.0677
55,1.7093638062477112,0.5181762168823167,0.512050481389582,0.0886,0.0745,0.3870,0.0909
56,1.72348606189092,0.5163277880468269,0.5093591811163307,0.0600,0.0440,0.3458,0.1785
57,1.7383406599362692,0.5126309303758472,0.505324532986942,0.0224,0.0134,0.3127,0.2590
58,1.7405470371246339,0.5212569316081331,0.512181284245895,0.0365,0.0284,0.3262,0.1545
59,1.7426915129025777,0.5351201478743068,0.5267719613279812,0.0322,0.0252,0.3230,0.2252
60,1.7375254114468892,0.5391250770178682,0.5309995098027609,0.0343,0.0270,0.3260,0.2399
61,1.7047671993573508,0.5492914356130623,0.5412758241033789,0.0391,0.0310,0.3275,0.1715
62,1.6749236583709717,0.5539125077017868,0.5455344415829475,0.0635,0.0474,0.3511,0.2032
63,1.6474611282348632,0.5594577942082564,0.5501211910289399,0.0463,0.0355,0.3404,0.2274
64,1.6222072800000509,0.5653111521873074,0.556477860042378,0.0671,0.0467,0.3526,0.1795
65,1.5978502790133158,0.5705483672211953,0.5617807339006593,0.0213,0.0123,0.3122,0.3338
66,1.572119084993998,0.5822550831792976,0.5721692554785643,0.0390,0.0244,0.3268,0.2883
67,1.5509481191635133,0.581022797288971,0.5710186698473821,0.0363,0.0245,0.3316,0.2118
68,1.5333874026934307,0.5908810844115835,0.5814319195534275,0.0322,0.0184,0.3211,0.2926
69,1.5134227395057678,0.6001232285890327,0.590036534633553,0.0374,0.0226,0.3249,0.3146
70,1.4873884717623393,0.6062846580406654,0.5951696198409023,0.0232,0.0131,0.3130,0.3017
71,1.4708399573961894,0.6115218730745533,0.6001201914933245,0.0211,0.0116,0.3111,0.3207
72,1.4569735169410705,0.6216882316697474,0.6108268500554668,0.0404,0.0244,0.3290,0.3296
73,1.4359091560045878,0.6247689463955638,0.6134522893121112,0.0132,0.0069,0.3069,0.3471
74,1.4191667517026265,0.6318545902649415,0.6219652272595482,0.0727,0.0457,0.3541,0.2577
75,1.4051547368367514,0.6386321626617375,0.6277726190314917,0.0215,0.0114,0.3120,0.3738
76,1.3953763365745544,0.6383240911891559,0.6267430895194431,0.0483,0.0319,0.3398,0.3482
77,1.3794834613800049,0.6392483056069008,0.6269504067345135,0.0273,0.0186,0.3226,0.3409
78,1.367299747467041,0.6401725200246458,0.6263006379456239,0.0166,0.0082,0.3095,0.3852
79,1.3552674770355224,0.6460258780036968,0.6328927389127366,0.0413,0.0233,0.3317,0.3055
80,1.3466728885968526,0.6555760936537277,0.6423119977820517,0.0107,0.0045,0.3045,0.3420
81,1.334907384713491,0.6632778804682686,0.6493723702800113,0.0205,0.0105,0.3140,0.2996
82,1.3253724296887717,0.6780653111521873,0.6650644936527537,0.0330,0.0239,0.3277,0.2970
83,1.3158956706523894,0.6792975970425139,0.6654191814543787,0.0366,0.0207,0.3277,0.3340
84,1.3052509566148123,0.680837954405422,0.6660968682000821,0.0422,0.0287,0.3372,0.3041
85,1.2930832703908284,0.6802218114602587,0.6661975218627606,0.0158,0.0072,0.3105,0.3670
86,1.2901150107383728,0.6943930991990142,0.6800641218710987,0.0326,0.0174,0.3252,0.3294
87,1.2785401622454324,0.6882316697473814,0.672978769746064,0.0142,0.0056,0.3092,0.3518
88,1.27128892938296,0.6953173136167591,0.679977908203685,0.0050,0.0005,0.3000,0.3814
89,1.26533855398496,0.699630314232902,0.6842988441382497,0.0261,0.0155,0.3239,0.3156
90,1.2561083575089773,0.6987060998151571,0.6819246752323769,0.0250,0.0125,0.3188,0.3609
91,1.2494506498177846,0.6968576709796673,0.6804193716600018,0.0405,0.0270,0.3351,0.3184
92,1.24706209897995,0.7051756007393716,0.6884679132522548,0.0202,0.0097,0.3154,0.3671
93,1.240392537911733,0.7125693160813309,0.6957027014865403,0.0405,0.0289,0.3360,0.2735
94,1.2353659292062125,0.7113370301910044,0.6945036625954971,0.0456,0.0369,0.3403,0.2762
95,1.2286357263724008,0.7168823166974738,0.7009459064515373,0.0555,0.0433,0.3465,0.2765
96,1.2252186238765717,0.7196549599507086,0.7041211952541065,0.0118,0.0037,0.3078,0.3451
97,1.2199250638484955,0.7211953173136167,0.7062701362916133,0.0267,0.0124,0.3208,0.3249
98,1.2154983123143515,0.7190388170055453,0.7040388293877546,0.0280,0.0184,0.3243,0.3424
99,1.210375142097473,0.7258163894023414,0.7115793499199495,0.0492,0.0373,0.3437,0.2497
100,1.2070784588654837,0.7267406038200862,0.7114989812466402,0.0086,0.0010,0.3049,0.3514
101,1.2029310047626496,0.7313616759088108,0.7164355063031418,0.0126,0.0046,0.3100,0.3476
102,1.1987574557463327,0.7292051756007394,0.7139914090479778,0.0497,0.0398,0.3463,0.2970
103,1.197028354803721,0.7282809611829945,0.712860147215592,0.0480,0.0366,0.3454,0.2737
104,1.192546115318934,0.7252002464571781,0.71166572971356,0.0333,0.0290,0.3337,0.2969
105,1.1879948953787485,0.7387553912507702,0.7260313266075016,0.0771,0.0667,0.3750,0.1857
106,1.1848850488662719,0.7498459642637092,0.7385507772050306,0.0172,0.0076,0.3134,0.4033
107,1.1823626359303792,0.7479975354282193,0.7357667698005748,0.0191,0.0086,0.3181,0.3070
108,1.1859151124954224,0.748305606900801,0.7361415388492373,0.0136,0.0052,0.3122,0.3080
109,1.180672554175059,0.7535428219346888,0.7419491488002291,0.0136,0.0067,0.3123,0.3287
110,1.17376140554746,0.7489217498459643,0.7385428581161585,0.0747,0.0682,0.3724,0.1811
111,1.1758619407812754,0.7504621072088724,0.7404697714675177,0.0527,0.0450,0.3488,0.2671
112,1.1739156246185303,0.7535428219346888,0.7429136733872916,0.0532,0.0489,0.3474,0.2269
113,1.170932267109553,0.7590881084411584,0.7473054916158716,0.0379,0.0358,0.3362,0.2811
114,1.1711786031723022,0.755083179297597,0.7445780192893084,0.0645,0.0567,0.3578,0.2030
115,1.1656754036744437,0.7587800369685767,0.7477355724734752,0.0412,0.0390,0.3419,0.2023
116,1.1644221067428588,0.7658656808379544,0.7562253468329289,0.0576,0.0521,0.3491,0.2180
117,1.161480281750361,0.7720271102895871,0.7617328796492182,0.0502,0.0480,0.3518,0.1922
118,1.1604082485040028,0.7803450400492914,0.770884282484906,0.1029,0.1035,0.3995,0.1349
119,1.1590493023395538,0.7784966112138016,0.7688866249817148,0.0491,0.0460,0.3432,0.2430
120,1.1552624980608621,0.7803450400492914,0.7693471860148897,0.0273,0.0218,0.3228,0.2696
121,1.1513727406660716,0.7775723967960567,0.7677689232672933,0.0420,0.0423,0.3443,0.2238
122,1.1503610491752625,0.7794208256315465,0.7690164853995951,0.0396,0.0327,0.3338,0.2508
123,1.1477023899555205,0.7788046826863833,0.7684934050388621,0.0496,0.0489,0.3425,0.2151
124,1.1499924540519715,0.7775723967960567,0.7673416471262173,0.0959,0.0923,0.3822,0.1780
125,1.1462632377942403,0.7803450400492914,0.7699064067872545,0.0905,0.0914,0.3811,0.1427
126,1.1458799064159393,0.7800369685767098,0.7692004482871968,0.0742,0.0730,0.3690,0.1448
127,1.142640471458435,0.7843499691928527,0.77389828444497,0.0766,0.0733,0.3672,0.1693
128,1.1414627353350322,0.7828096118299446,0.7728043505436571,0.0240,0.0225,0.3277,0.1815
129,1.1401933987935384,0.7781885397412199,0.767118535266633,0.0394,0.0407,0.3408,0.1990
130,1.1374531189600627,0.7840418977202711,0.773554200460702,0.0774,0.0728,0.3716,0.1452
131,1.1376374284426372,0.7809611829944547,0.7706176987509593,0.0652,0.0620,0.3629,0.1583
132,1.1339440961678824,0.7828096118299446,0.7716015705407804,0.1181,0.1174,0.4216,0.0622
133,1.1326784451802572,0.7821934688847813,0.7723605944408573,0.1077,0.1056,0.4018,0.1353
134,1.1313872158527374,0.7889710412815774,0.7800457368125298,0.0645,0.0622,0.3693,0.0926
135,1.1303412338097891,0.781577325939618,0.7723390513461836,0.0594,0.0532,0.3526,0.1637
136,1.1267062326272328,0.7766481823783118,0.7670007776713539,0.0856,0.0766,0.3866,0.1000
137,1.1262264529863992,0.784966112138016,0.7754494701525935,0.1034,0.1018,0.4140,0.0728
138,1.1232655763626098,0.7868145409735059,0.7762145598141108,0.1208,0.1053,0.4047,0.0800
139,1.1230125069618224,0.7898952556993223,0.7789789512297279,0.0727,0.0622,0.3702,0.1063
140,1.1210147976875304,0.7923598274799754,0.7806995149020897,0.1641,0.1517,0.4566,0.0167
141,1.120774217446645,0.800369685767098,0.7894905014346905,0.1041,0.1002,0.3964,0.0731
142,1.1241090814272563,0.7997535428219347,0.7893388218042838,0.1059,0.1001,0.4019,0.1250
143,1.1155041495958964,0.8012939001848429,0.7911087700936499,0.1057,0.0997,0.4104,0.0278
144,1.1172219733397166,0.7997535428219347,0.7892500123907044,0.1977,0.2066,0.5080,0.0038
145,1.1150341967741648,0.7975970425138632,0.7871319989942778,0.0924,0.0910,0.4049,0.0280
146,1.1132365345954895,0.7985212569316081,0.7880405215875007,0.1565,0.1578,0.4669,0.0176
147,1.112860200802485,0.7991373998767715,0.7898810907952135,0.1153,0.1165,0.4298,0.0399
148,1.1107249120871225,0.7982131854590265,0.7882053757028399,0.1251,0.1216,0.4335,0.0050
149,1.108833420276642,0.8025261860751695,0.792133147219214,0.1324,0.1177,0.4328,0.0167
150,1.1073724945386252,0.7966728280961183,0.7874822993588821,0.0947,0.0892,0.4005,0.0152
151,1.1074930111567178,0.7985212569316081,0.7886193794691355,0.0949,0.0996,0.4141,0.0786
152,1.1065990269184112,0.7963647566235367,0.7860291842767186,0.1334,0.1230,0.4368,0.0302
153,1.1058517038822173,0.8034504004929144,0.7929483433364062,0.1547,0.1456,0.4672,-0.0057
154,1.1013153433799743,0.8040665434380776,0.7942675532787363,0.0980,0.0972,0.4154,0.0385
155,1.1026553332805633,0.8056069008009858,0.7956545293633513,0.1461,0.1359,0.4525,-0.0003
156,1.100668974717458,0.7960566851509551,0.7855601264495619,0.1748,0.1544,0.4731,0.0018
157,1.1003657678763072,0.8019100431300061,0.791551770069686,0.0828,0.0727,0.3866,0.0431
158,1.1035237391789754,0.8019100431300061,0.7917330667462334,0.1075,0.1071,0.4273,0.0081
159,1.1016682763894399,0.7985212569316081,0.7887282952509482,0.1097,0.1028,0.4175,0.0102
160,1.099708765745163,0.7963647566235367,0.78665459244927,0.1192,0.1063,0.4261,0.0042
161,1.0982397675514222,0.8025261860751695,0.7921951394281216,0.1303,0.1251,0.4474,0.0017
162,1.096563454469045,0.8012939001848429,0.7902506749260637,0.1079,0.1074,0.4217,0.0309
163,1.0961212694644928,0.8074553296364757,0.7970031479130413,0.1890,0.1772,0.4840,-0.0004
164,1.097574955224991,0.8016019716574245,0.7913062250392854,0.1045,0.1056,0.4208,0.0068
165,1.0949610332647959,0.8062230437461491,0.7965337451456418,0.1161,0.1044,0.4299,0.0059
166,1.0951456169287364,0.8049907578558225,0.7954303167018909,0.1747,0.1760,0.4932,0.0082
167,1.0946366786956787,0.8022181146025879,0.7927880352444489,0.1519,0.1507,0.4635,-0.0078
168,1.0916472256183625,0.8016019716574245,0.7920495273270607,0.1166,0.1095,0.4320,0.0155
169,1.0927591105302175,0.800369685767098,0.7898742148634941,0.1393,0.1358,0.4665,-0.0150
170,1.0937101244926453,0.8052988293284042,0.7943206262085094,0.1356,0.1312,0.4623,-0.0012
171,1.0887338777383169,0.8046826863832409,0.7941791040011627,0.1736,0.1708,0.5007,-0.0025
172,1.0904884775479635,0.8012939001848429,0.7908550881461277,0.0506,0.0492,0.3749,-0.0028
173,1.0910475512345632,0.8016019716574245,0.791012050953501,0.1191,0.1146,0.4419,0.0243
174,1.0897753715515137,0.7997535428219347,0.7910214237910448,0.1417,0.1314,0.4525,-0.0020
175,1.087677146991094,0.7994454713493531,0.7900551849191348,0.0718,0.0662,0.3922,0.0105
176,1.088664698600769,0.8028342575477511,0.7938661551041015,0.1279,0.1139,0.4361,0.0035
177,1.0876298228899637,0.7997535428219347,0.7905134822637863,0.1507,0.1318,0.4636,-0.0119
178,1.0856886903444927,0.8022181146025879,0.7924048581790687,0.1364,0.1168,0.4466,0.0084
179,1.084377924601237,0.8000616142945163,0.7898778448116075,0.1199,0.1030,0.4215,0.0037
180,1.0846987227598825,0.8074553296364757,0.7990488371158431,0.1744,0.1508,0.4719,-0.0000
181,1.0833312014738719,0.8040665434380776,0.795473955128484,0.0799,0.0717,0.3946,0.0296
182,1.082809962828954,0.8074553296364757,0.7983178499196522,0.1067,0.0889,0.4238,0.0145
183,1.0812947948773701,0.8040665434380776,0.7937534733409044,0.2169,0.1967,0.5195,-0.0146
184,1.082234803835551,0.8006777572396796,0.7905834251258401,0.1689,0.1577,0.4873,-0.0039
185,1.0819714784622192,0.8065311152187308,0.7962247469919509,0.1188,0.1120,0.4321,-0.0153
186,1.0790090163548787,0.8105360443622921,0.8006552496577619,0.1346,0.1222,0.4506,-0.0004
187,1.0787719368934632,0.8083795440542206,0.7994194174832782,0.1711,0.1553,0.4824,-0.0143
188,1.0789462824662526,0.8056069008009858,0.7958600379889339,0.1432,0.1270,0.4528,-0.0075
189,1.0797115047772725,0.8046826863832409,0.7951059154822717,0.1478,0.1354,0.4621,-0.0072
190,1.0789470493793487,0.8114602587800369,0.8021515945331817,0.1400,0.1201,0.4616,-0.0109
191,1.0775044461091359,0.8120764017252002,0.8028772909354611,0.1509,0.1283,0.4585,-0.0073
192,1.0775151828924814,0.8089956869993838,0.7995247566857744,0.0444,0.0475,0.3854,-0.0026
193,1.0762494266033173,0.8139248305606901,0.8053058080564311,0.1205,0.1100,0.4475,-0.0121
194,1.0748562693595887,0.8102279728897104,0.8015736690781224,0.1037,0.0890,0.4267,-0.0134
195,1.0764701783657074,0.8108441158348737,0.8010713254048654,0.2002,0.1728,0.4943,-0.0073
196,1.0750489791234334,0.8093037584719655,0.7998290659583209,0.1245,0.1165,0.4422,-0.0057
197,1.075190971295039,0.8046826863832409,0.7945892095131563,0.1194,0.1137,0.4496,-0.0089
198,1.0731685221195222,0.8077634011090573,0.7979355427776464,0.1678,0.1360,0.4724,-0.0162
199,1.0744286060333252,0.8034504004929144,0.793027596046605,0.1552,0.1334,0.4618,-0.0086
200,1.0730040351549783,0.8043746149106593,0.7953151446762955,0.1533,0.1435,0.4712,-0.0076
201,1.0715199848016104,0.7954405422057917,0.7860450295170173,0.1928,0.1764,0.5085,-0.0147
202,1.0735703567663828,0.7991373998767715,0.7895838620586463,0.1386,0.1297,0.4648,-0.0031
203,1.070986940463384,0.7966728280961183,0.7876756953928443,0.1614,0.1458,0.4775,-0.0105
204,1.0710604270299275,0.7975970425138632,0.789527034103234,0.1871,0.1625,0.4876,-0.0100
205,1.0720207949479421,0.7997535428219347,0.7920846589232782,0.1787,0.1620,0.4801,-0.0117
206,1.0698536475499472,0.8028342575477511,0.7945355256698026,0.1602,0.1396,0.4615,-0.0005
207,1.069841702779134,0.7963647566235367,0.7860730465874151,0.1449,0.1247,0.4614,-0.0048
208,1.0694592118263244,0.8009858287122612,0.7913053873084627,0.1544,0.1379,0.4596,-0.0109
209,1.0672819912433624,0.8028342575477511,0.7935973229772206,0.2373,0.2191,0.5394,-0.0094
210,1.068185959259669,0.7994454713493531,0.7891532598022002,0.1383,0.1227,0.4395,-0.0099
211,1.0680718660354613,0.7966728280961183,0.7864821677999358,0.2281,0.1988,0.5189,-0.0085
212,1.069203289349874,0.7972889710412816,0.7868305341009061,0.1637,0.1298,0.4603,-0.0143
213,1.06736221909523,0.7994454713493531,0.7898703489231392,0.1565,0.1368,0.4651,-0.0086
214,1.0681809067726136,0.7963647566235367,0.7861912498936382,0.1349,0.1167,0.4348,0.0217
215,1.067633992433548,0.8009858287122612,0.7897435557631187,0.1785,0.1541,0.4821,-0.0153
216,1.0675717771053315,0.8025261860751695,0.7908978801453825,0.1669,0.1496,0.4699,-0.0101
217,1.0654616932074228,0.8019100431300061,0.7908156959456953,0.1256,0.1031,0.4339,-0.0147
218,1.0636508623758951,0.803758471965496,0.7921978899423308,0.1892,0.1526,0.4787,-0.0136
219,1.0632239480813344,0.8019100431300061,0.7906457053782788,0.1622,0.1317,0.4569,-0.0006
220,1.0592116077740987,0.8034504004929144,0.7914563113318636,0.2475,0.2130,0.5358,-0.0132
221,1.0594381550947825,0.8086876155268022,0.7971852602968982,0.2026,0.1821,0.5019,-0.0040
222,1.056742920478185,0.8102279728897104,0.7994643569981256,0.1549,0.1265,0.4478,0.0238
223,1.055812164147695,0.8142329020332717,0.8031618509564536,0.1772,0.1517,0.4817,-0.0074
224,1.0551780422528585,0.8166974738139249,0.8058937719392613,0.2119,0.1786,0.4991,-0.0142
225,1.0534656484921774,0.8179297597042514,0.8072948709139185,0.1810,0.1645,0.4875,-0.0148
226,1.054001251856486,0.8200862600123229,0.8091010245970764,0.1937,0.1584,0.4817,-0.0146
227,1.0520084977149964,0.8213185459026494,0.8102728136591044,0.1881,0.1488,0.4695,-0.0084
228,1.0504583279291788,0.8250154035736291,0.8131110752133197,0.1938,0.1759,0.4896,-0.0100
229,1.0492403229077658,0.8287122612446087,0.817270858602975,0.2566,0.2210,0.5381,-0.0099
230,1.048917112747828,0.8314849044978435,0.82094935375199,0.2058,0.1684,0.4880,-0.0138
231,1.048987740278244,0.830252618607517,0.8191706687249418,0.1798,0.1504,0.4685,-0.0091
232,1.0449249903361002,0.830252618607517,0.8195341999104387,0.2321,0.1870,0.5019,-0.0073
233,1.0442895750204721,0.8351817621688231,0.824767890409748,0.3212,0.2662,0.5775,-0.0135
234,1.0451785604159036,0.8394947627849662,0.8291106758028932,0.2507,0.2088,0.5227,-0.0151
235,1.0437054951985678,0.8398028342575478,0.8292696946903224,0.1572,0.1397,0.4522,-0.0147
236,1.0420989473660787,0.8428835489833642,0.8318903907750866,0.2169,0.1790,0.4909,-0.0103
237,1.0412015855312347,0.8434996919285275,0.8325173883800587,0.2904,0.2618,0.5631,-0.0092
238,1.0394664545853933,0.8450400492914356,0.8340897605096083,0.2053,0.1710,0.4867,-0.0151
239,1.0393261373043061,0.8471965495995071,0.8365279877494631,0.2307,0.1923,0.5036,-0.0143
240,1.0389392892519633,0.8444239063462723,0.8333910720263447,0.2055,0.1679,0.4815,-0.0154
241,1.0366914987564086,0.8471965495995071,0.836660734131209,0.1677,0.1424,0.4505,-0.0111
242,1.035419511795044,0.8499691928527419,0.8394941996575074,0.2871,0.2413,0.5547,-0.0150
243,1.0360536058743794,0.85150955021565,0.841262871957627,0.2048,0.1732,0.4754,-0.0091
244,1.034741723537445,0.8533579790511399,0.8433326777035928,0.2296,0.1950,0.4914,-0.0121
245,1.0343409558137258,0.8530499075785583,0.8427651455047583,0.2701,0.2241,0.5289,-0.0144
246,1.0331655422846475,0.85150955021565,0.841068301432031,0.2067,0.1702,0.4743,-0.0160
247,1.0339978754520416,0.8552064078866297,0.8451614535203488,0.1536,0.1297,0.4419,-0.0157
248,1.0330154657363892,0.8555144793592113,0.8455844705402324,0.2466,0.2048,0.5208,-0.0092
249,1.0319370210170746,0.8545902649414664,0.845044278034397,0.1811,0.1536,0.4676,-0.0158
250,1.031071412563324,0.8561306223043746,0.8466644925953519,0.1822,0.1603,0.4730,-0.0088
251,1.0311470031738281,0.8585951940850277,0.8493827363265136,0.1864,0.1613,0.4745,-0.0088
252,1.0290696680545808,0.8582871226124461,0.8490492303583146,0.2767,0.2276,0.5316,-0.0165
253,1.0291811585426331,0.8545902649414664,0.8446699793478737,0.2448,0.2028,0.5072,-0.0092
254,1.0284444570541382,0.8552064078866297,0.8450219060106289,0.2176,0.1809,0.4790,-0.0119
255,1.0275479992230734,0.8536660505237215,0.8431180110593101,0.3108,0.2701,0.5554,-0.0136
256,1.0274914304415386,0.8570548367221196,0.8470998020814714,0.1897,0.1428,0.4498,-0.0102
257,1.0268002291520437,0.8582871226124461,0.8486445957262567,0.2702,0.2404,0.5265,-0.0096
258,1.025901081164678,0.8619839802834257,0.852088679624826,0.2871,0.2475,0.5519,-0.0165
259,1.0262928386529286,0.8666050523721504,0.8576538682188504,0.2328,0.1977,0.5070,-0.0089
260,1.026132094860077,0.8662969808995687,0.8576504378890952,0.2532,0.2155,0.5118,-0.0175
261,1.025213392575582,0.8684534812076402,0.8596502474540848,0.2649,0.2070,0.5204,-0.0158
262,1.0264277974764506,0.8687615526802218,0.860203487044878,0.2246,0.1885,0.4990,-0.0186
263,1.024856581290563,0.865988909426987,0.8573252360818331,0.3520,0.3051,0.5967,-0.0153
264,1.0230831265449525,0.8675292667898953,0.858632225842141,0.3343,0.2886,0.5766,-0.0166
265,1.0221702913443247,0.8690696241528034,0.8597292583821162,0.2685,0.2297,0.5173,-0.0082
266,1.0222366253534954,0.8687615526802218,0.859827599373176,0.2510,0.2120,0.5220,-0.0161
267,1.0225687146186828,0.8672211953173136,0.8580425307934755,0.2378,0.1989,0.5056,-0.0165
268,1.0207641164461771,0.8696857670979667,0.8607263319142124,0.2044,0.1644,0.4700,-0.0097
269,1.020790433883667,0.8696857670979667,0.8607619390454043,0.2820,0.2419,0.5321,0.0123
270,1.0210156480471293,0.8706099815157117,0.8617431838879325,0.3149,0.2639,0.5542,-0.0157
271,1.0194232900937399,0.8693776956253851,0.8605347802269397,0.3146,0.2701,0.5497,-0.0069
272,1.0199694335460663,0.8721503388786198,0.8631177058918313,0.1769,0.1484,0.4580,-0.0023
273,1.0189482947190602,0.8718422674060382,0.8629458280617445,0.3161,0.2835,0.5634,-0.0088
274,1.019412593046824,0.8758471965495995,0.8673935581625878,0.2028,0.1594,0.4739,-0.0113
275,1.0183274825414022,0.8767714109673445,0.8678312107449158,0.2613,0.2163,0.5018,-0.0156
276,1.0188383201758067,0.8773875539125077,0.8684775178622406,0.2543,0.2034,0.5082,-0.0170
277,1.0171949823697408,0.878003696857671,0.8696400587166401,0.3399,0.2966,0.5870,-0.0078
278,1.018109401067098,0.8792359827479975,0.871063133600647,0.2361,0.1983,0.4900,-0.0096
279,1.0166213949521383,0.878003696857671,0.8693999781509988,0.2076,0.1526,0.4709,-0.0168
280,1.0168026566505433,0.8807763401109058,0.8721867912815864,0.2700,0.2314,0.5292,-0.0080
281,1.0154523770014445,0.8798521256931608,0.8710878702836857,0.3068,0.2494,0.5495,-0.0154
282,1.0166965564092,0.8786198398028343,0.8691662581293338,0.2983,0.2499,0.5482,-0.0083
283,1.0159359316031138,0.8795440542205791,0.8703103868307351,0.2589,0.2187,0.5180,-0.0160
284,1.015872061252594,0.8826247689463955,0.8742640857281954,0.1536,0.1150,0.4311,-0.0103
285,1.0147212823232015,0.8835489833641405,0.8754048868233799,0.2409,0.2013,0.5118,-0.0091
286,1.013894412914912,0.8860135551447936,0.8778979328923056,0.2645,0.2206,0.5204,-0.0165
287,1.0139775176843007,0.8853974121996303,0.877473138489624,0.2966,0.2549,0.5437,-0.0103
288,1.0146384914716085,0.8897104128157732,0.8823492164750144,0.2539,0.2148,0.4940,-0.0084
289,1.0124322990576426,0.8894023413431916,0.8820548638448966,0.3015,0.2512,0.5499,-0.0158
290,1.0122683187325796,0.8863216266173752,0.8788528491398346,0.3184,0.2676,0.5621,-0.0157
291,1.013719121615092,0.8860135551447936,0.8788946641205831,0.1868,0.1530,0.4571,-0.0105
292,1.0130776286125183,0.8850893407270487,0.8777655727675052,0.3055,0.2604,0.5460,-0.0157
293,1.0133359372615813,0.8863216266173752,0.8791389780780348,0.2264,0.1783,0.4789,-0.0080
294,1.0131484587987265,0.8857054836722119,0.8783472142330438,0.1994,0.1642,0.4659,-0.0089
295,1.011776461203893,0.8872458410351202,0.8795443322334522,0.3033,0.2509,0.5499,-0.0164
296,1.0117547114690144,0.8869377695625386,0.8793706881282151,0.1887,0.1571,0.4744,-0.0100
297,1.0110317627588907,0.8884781269254467,0.880970930158621,0.2262,0.1764,0.4929,-0.0164
298,1.0123717506726584,0.8869377695625386,0.8795650899271925,0.2958,0.2335,0.5297,-0.0158
299,1.0109788497289023,0.8863216266173752,0.879000089689905,0.3241,0.2791,0.5698,-0.0150
300,1.0112272063891092,0.8897104128157732,0.882220298490334,0.2571,0.2147,0.5006,-0.0155
301,1.0105424722035725,0.8875539125077018,0.8799255919629168,0.2677,0.2308,0.5248,-0.0080
302,1.0101198454697926,0.8903265557609366,0.8829451942897063,0.4081,0.3566,0.6278,-0.0131
303,1.0111963272094726,0.8921749845964264,0.8851056368070059,0.2815,0.2337,0.5326,-0.0157
304,1.0102079451084136,0.890018484288355,0.8831843001381747,0.2439,0.2029,0.5069,-0.0177
305,1.0088164110978444,0.8897104128157732,0.8829331050770827,0.2874,0.2367,0.5314,-0.0076
306,1.0098025321960449,0.8897104128157732,0.8825983512181701,0.2673,0.2279,0.5270,-0.0072
307,1.0095619638760884,0.8897104128157732,0.8826335271879474,0.2110,0.1747,0.4887,-0.0077
308,1.0086619357268016,0.8878619839802834,0.880819103871269,0.2834,0.2293,0.5387,-0.0152
309,1.0094655275344848,0.8884781269254467,0.8816219100220417,0.2521,0.1976,0.4918,-0.0175
310,1.008343517780304,0.8903265557609366,0.8836877531401073,0.1673,0.1263,0.4450,-0.0170
311,1.0081993242104847,0.8903265557609366,0.883738088704294,0.2767,0.2237,0.5260,-0.0160
312,1.0081972539424897,0.8912507701786815,0.8850276567806558,0.2910,0.2291,0.5259,-0.0141
313,1.007551505168279,0.8881700554528651,0.8819645197832112,0.2272,0.1776,0.5028,-0.0165
314,1.0083120485146841,0.8884781269254467,0.8821654514186543,0.2536,0.1979,0.4979,-0.0150
315,1.0076358358065287,0.8897104128157732,0.8833064526293274,0.3081,0.2619,0.5522,-0.0001
316,1.0084297378857932,0.88909426987061,0.8827875292840075,0.2577,0.2195,0.5225,-0.0159
317,1.0070561627546946,0.8881700554528651,0.8816557001579187,0.2409,0.2022,0.5048,-0.0077
318,1.007547950744629,0.8894023413431916,0.8829667893996297,0.2721,0.2272,0.5331,-0.0084
319,1.0060317317644756,0.8887861983980283,0.8819575758766733,0.3636,0.3126,0.6017,-0.0143
320,1.0061855455239614,0.8869377695625386,0.8797861211279757,0.3375,0.2867,0.5787,-0.0140
321,1.0073645373185476,0.8857054836722119,0.878417103780825,0.2923,0.2398,0.5432,-0.0071
322,1.0071245829264324,0.8872458410351202,0.8800651978414163,0.3008,0.2562,0.5419,-0.0149
323,1.0075918594996134,0.8872458410351202,0.8805482839826736,0.2040,0.1621,0.4826,-0.0013
324,1.0066066523392996,0.884781269254467,0.8778179487021385,0.2458,0.2056,0.5107,-0.0159
325,1.0059659679730732,0.8838570548367222,0.8764437386685382,0.2310,0.1859,0.4927,-0.0018
326,1.005380779504776,0.884781269254467,0.8774880941694355,0.3083,0.2691,0.5526,-0.0141
327,1.0053634941577911,0.8857054836722119,0.87839819750848,0.2622,0.2063,0.5059,-0.0141
328,1.0060316622257233,0.8857054836722119,0.8783883721035756,0.2745,0.2232,0.5205,-0.0155
329,1.004986733198166,0.8850893407270487,0.8777311180338174,0.2237,0.1868,0.4955,-0.0093
330,1.0058148503303528,0.8863216266173752,0.8789801501614358,0.2636,0.2224,0.5196,-0.0151
331,1.005798617998759,0.8866296980899568,0.8793421100224473,0.2048,0.1597,0.4695,-0.0165
332,1.0036099294821421,0.8872458410351202,0.8799872911264345,0.3234,0.2694,0.5620,-0.0147
333,1.0047583123048147,0.8875539125077018,0.8802629674891858,0.1800,0.1450,0.4561,-0.0160
334,1.0052128851413726,0.8884781269254467,0.8812995203810026,0.2938,0.2390,0.5247,-0.0149
335,1.003858176867167,0.8887861983980283,0.8816748514451451,0.3071,0.2568,0.5440,-0.0144
336,1.0053880532582602,0.8875539125077018,0.8803547736647602,0.2692,0.2185,0.5051,-0.0164
337,1.003754687309265,0.8881700554528651,0.8810219121621616,0.2333,0.1813,0.4900,-0.0158
338,1.0035797198613485,0.8875539125077018,0.880340235696961,0.3170,0.2720,0.5694,-0.0063
339,1.004664170742035,0.8878619839802834,0.8806527744652113,0.3217,0.2779,0.5712,-0.0077
340,1.0041043758392334,0.8878619839802834,0.8806527744652113,0.2577,0.2026,0.5142,-0.0147
341,1.004697565237681,0.8875539125077018,0.8803509137712513,0.2782,0.2265,0.5346,-0.0066
342,1.0029819150765737,0.8875539125077018,0.8803509137712513,0.3406,0.2910,0.5782,-0.0085
343,1.004912825425466,0.8875539125077018,0.8802833213094611,0.2208,0.1725,0.4880,-0.0160
344,1.0048438767592112,0.8875539125077018,0.8802833213094611,0.2968,0.2562,0.5472,0.0226
345,1.0046360154946645,0.8872458410351202,0.8799135514162084,0.2802,0.2383,0.5302,-0.0078
346,1.0033449153105418,0.8875539125077018,0.8802833213094611,0.2636,0.2276,0.5078,0.0166
347,1.003502909342448,0.8872458410351202,0.879981460615501,0.2002,0.1576,0.4861,-0.0163
348,1.0037429869174956,0.8872458410351202,0.879981460615501,0.2505,0.1998,0.5021,-0.0152
349,1.003970241546631,0.8869377695625386,0.8796795244483994,0.3053,0.2575,0.5576,-0.0065
350,1.0037677188714345,0.8869377695625386,0.8796795244483994,0.1837,0.1415,0.4498,-0.0159
351,1.0045126338799795,0.8872458410351202,0.879981460615501,0.2482,0.1974,0.5042,-0.0150
352,1.0052250146865844,0.8872458410351202,0.879981460615501,0.1745,0.1303,0.4465,-0.0167
353,1.004218292236328,0.8872458410351202,0.879981460615501,0.2045,0.1772,0.4795,-0.0097
354,1.0040696144104004,0.8872458410351202,0.879981460615501,0.2781,0.2325,0.5092,-0.0147
355,1.0029771625995636,0.8872458410351202,0.879981460615501,0.1925,0.1459,0.4708,-0.0159
356,1.0038088778654735,0.8872458410351202,0.879981460615501,0.2493,0.2092,0.5140,-0.0077
357,1.0038945138454438,0.8872458410351202,0.879981460615501,0.3348,0.2819,0.5768,-0.0055
358,1.003157804409663,0.8872458410351202,0.879981460615501,0.2769,0.2357,0.5322,-0.0144
359,1.0031332393487296,0.8872458410351202,0.879981460615501,0.2763,0.2312,0.5373,-0.0150
360,1.0031991759936014,0.8872458410351202,0.879981460615501,0.2049,0.1724,0.4774,-0.0099
361,1.0038405577341716,0.8872458410351202,0.879981460615501,0.3442,0.2996,0.5917,-0.0067
362,1.0043293158213298,0.8872458410351202,0.879981460615501,0.2897,0.2430,0.5299,-0.0077
363,1.0065844813982645,0.8872458410351202,0.879981460615501,0.2558,0.2068,0.5112,-0.0149
364,1.0036957879861197,0.8872458410351202,0.879981460615501,0.2164,0.1756,0.4875,-0.0159
365,1.0044709285100302,0.8872458410351202,0.879981460615501,0.2738,0.2289,0.5298,-0.0065
366,1.0038172503312428,0.8872458410351202,0.879981460615501,0.2057,0.1693,0.4763,-0.0083
367,1.0040147125720977,0.8872458410351202,0.879981460615501,0.3141,0.2612,0.5584,-0.0146
368,1.0037349025408426,0.8872458410351202,0.879981460615501,0.2949,0.2497,0.5481,-0.0155
369,1.0044531623522441,0.8872458410351202,0.879981460615501,0.2864,0.2299,0.5356,-0.0066
370,1.0041933953762054,0.8872458410351202,0.879981460615501,0.3418,0.2888,0.5762,-0.0138
